1 16 1456 0 1
1 17 1108 0 1
1 18 1323 0 1
1 19 1401 0 1
1 20 1402 0 1
1 21 1445 0 1
1 22 521 0 1
2 31 294 0 1
2 32 450 0 1
2 33 378 0 1
2 34 249 0 1
3 49 1458 0 1
3 50 604 0 1
3 51 1218 0 1
3 52 1317 0 1
3 53 1441 0 1
3 54 339 0 1
3 55 1188 0 1
4 66 1418 0 1
4 67 225 0 1
4 68 1303 0 1
4 69 948 0 1
4 70 1412 0 1
4 71 259 0 1
4 72 1030 0 1
5 83 654 0 1
5 84 917 0 1
5 85 760 0 1
5 86 480 0 1
6 97 495 0 1
6 98 745 0 1
6 99 567 0 1
6 100 399 0 1
7 109 438 0 1
7 110 673 0 1
7 111 577 0 1
7 112 394 0 1
8 121 522 0 1
8 122 810 0 1
8 123 679 0 1
8 124 478 0 1
9 143 1374 0 1
9 144 1259 0 1
9 145 1214 0 1
9 146 1375 0 1
9 147 1284 0 1
9 148 1358 0 1
9 149 200 0 1
10 158 341 0 1
10 159 597 0 1
10 160 455 0 1
10 161 311 0 1
11 170 350 0 1
11 171 642 0 1
11 172 420 0 1
11 173 306 0 1
12 184 1327 0 1
12 185 241 0 1
12 186 1360 0 1
12 187 1032 0 1
12 188 1385 0 1
12 189 133 0 1
12 190 1102 0 1
13 201 1431 0 1
13 202 284 0 1
13 203 1260 0 1
13 204 1288 0 1
13 205 1402 0 1
13 206 162 0 1
13 207 1368 0 1
14 218 1296 0 1
14 219 265 0 1
14 220 1308 0 1
14 221 973 0 1
14 222 1425 0 1
14 223 1107 0 1
15 234 637 0 1
15 235 909 0 1
15 236 673 0 1
15 237 455 0 1
16 248 449 0 1
16 249 716 0 1
16 250 535 0 1
16 251 353 0 1
17 268 1361 0 1
17 269 1390 0 1
17 270 1324 0 1
17 271 1424 0 1
17 272 1312 0 1
17 273 1405 0 1
17 274 216 0 1
18 283 444 0 1
18 284 574 0 1
18 285 402 0 1
18 286 339 0 1
19 295 517 0 1
19 296 688 0 1
19 297 438 0 1
19 298 453 0 1
20 307 616 0 1
20 308 734 0 1
20 309 562 0 1
20 310 459 0 1
21 319 501 0 1
21 320 668 0 1
21 321 592 0 1
21 322 454 0 1
22 331 509 0 1
22 332 649 0 1
22 333 668 0 1
22 334 423 0 1
23 343 439 0 1
23 344 715 0 1
23 345 725 0 1
23 346 389 0 1
24 355 449 0 1
24 356 724 0 1
24 357 743 0 1
24 358 367 0 1
25 375 1340 0 1
25 376 1356 0 1
25 377 1398 0 1
25 378 1268 0 1
25 379 1215 0 1
25 380 1316 0 1
25 381 1016 0 1
26 390 378 0 1
26 391 570 0 1
26 392 531 0 1
26 393 293 0 1
27 402 410 0 1
27 403 660 0 1
27 404 752 0 1
27 405 295 0 1
28 418 1382 0 1
28 419 314 0 1
28 420 1408 0 1
28 421 1017 0 1
28 422 1369 0 1
28 423 783 0 1
28 424 1312 0 1
29 437 1455 0 1
29 438 83 0 1
29 439 1294 0 1
29 440 996 0 1
29 441 1460 0 1
29 442 436 0 1
29 443 1148 0 1
30 458 1406 0 1
30 459 579 0 1
30 460 1338 0 1
30 461 1090 0 1
30 462 1173 0 1
30 463 1227 0 1
30 464 1433 0 1
30 465 202 0 1
31 478 1384 0 1
31 479 265 0 1
31 480 1323 0 1
31 481 1005 0 1
31 482 1361 0 1
31 483 585 0 1
31 484 1251 0 1
32 497 1181 0 1
32 498 1363 0 1
32 499 160 0 1
32 500 1342 0 1
32 501 873 0 1
33 520 1382 0 1
33 521 1417 0 1
33 522 1307 0 1
33 523 1273 0 1
33 524 1346 0 1
33 525 1377 0 1
33 526 1181 0 1
34 539 373 0 1
34 540 634 0 1
34 541 616 0 1
34 542 318 0 1
35 553 411 0 1
35 554 796 0 1
35 555 787 0 1
35 556 365 0 1
36 565 487 0 1
36 566 875 0 1
36 567 854 0 1
36 568 428 0 1
37 577 577 0 1
37 578 991 0 1
37 579 988 0 1
37 580 546 0 1
38 589 704 0 1
38 590 1004 0 1
38 591 984 0 1
38 592 661 0 1
39 607 1378 0 1
39 608 610 0 1
39 609 1254 0 1
39 610 1390 0 1
39 611 1257 0 1
39 612 847 0 1
39 613 1308 0 1
40 626 1323 0 1
40 627 283 0 1
40 628 1367 0 1
40 629 1118 0 1
40 630 1345 0 1
40 631 554 0 1
40 632 1071 0 1
41 651 1406 0 1
41 652 1113 0 1
41 653 1179 0 1
41 654 1457 0 1
41 655 1425 0 1
41 656 1293 0 1
41 657 1306 0 1
41 658 522 0 1
42 667 372 0 1
42 668 633 0 1
42 669 477 0 1
42 670 293 0 1
43 683 1409 0 1
43 684 327 0 1
43 685 1223 0 1
43 686 1214 0 1
43 687 301 0 1
43 688 1329 0 1
43 689 791 0 1
43 690 1214 0 1
44 701 1315 0 1
44 702 285 0 1
44 703 1207 0 1
44 704 1367 0 1
44 705 1380 0 1
44 706 339 0 1
44 707 1085 0 1
45 718 628 0 1
45 719 1044 0 1
45 720 766 0 1
45 721 481 0 1
46 732 510 0 1
46 733 972 0 1
46 734 739 0 1
46 735 429 0 1
47 744 510 0 1
47 745 1073 0 1
47 746 681 0 1
47 747 443 0 1
48 756 538 0 1
48 757 1071 0 1
48 758 658 0 1
48 759 464 0 1
49 780 1364 0 1
49 781 1421 0 1
49 782 1255 0 1
49 783 1232 0 1
49 784 1415 0 1
49 785 1291 0 1
49 786 1452 0 1
49 787 219 0 1
50 798 476 0 1
50 799 799 0 1
50 800 491 0 1
50 801 330 0 1
51 810 450 0 1
51 811 1010 0 1
51 812 608 0 1
51 813 387 0 1
52 822 441 0 1
52 823 992 0 1
52 824 691 0 1
52 825 445 0 1
53 834 466 0 1
53 835 975 0 1
53 836 654 0 1
53 837 424 0 1
54 846 509 0 1
54 847 1000 0 1
54 848 699 0 1
54 849 481 0 1
55 860 470 0 1
55 861 1010 0 1
55 862 801 0 1
55 863 471 0 1
56 874 595 0 1
56 875 1143 0 1
56 876 869 0 1
56 877 477 0 1
57 898 1420 0 1
57 899 1134 0 1
57 900 1381 0 1
57 901 1220 0 1
57 902 1238 0 1
57 903 1343 0 1
57 904 1343 0 1
57 905 1235 0 1
58 916 324 0 1
58 917 814 0 1
58 918 686 0 1
58 919 327 0 1
59 930 325 0 1
59 931 998 0 1
59 932 919 0 1
59 933 366 0 1
60 942 374 0 1
60 943 1184 0 1
60 944 1036 0 1
60 945 396 0 1
61 956 433 0 1
61 957 1217 0 1
61 958 1136 0 1
61 959 472 0 1
62 976 1380 0 1
62 977 654 0 1
62 978 1173 0 1
62 979 1428 0 1
62 980 763 0 1
62 981 1207 0 1
62 982 1089 0 1
62 983 1455 0 1
63 996 1409 0 1
63 997 279 0 1
63 998 1334 0 1
63 999 1206 0 1
63 1000 329 0 1
63 1001 1367 0 1
63 1002 635 0 1
63 1003 1258 0 1
64 1022 1449 0 1
64 1023 1001 0 1
64 1024 1210 0 1
64 1025 1175 0 1
64 1026 1089 0 1
64 1027 1304 0 1
64 1028 1453 0 1
64 1029 1332 0 1
64 1030 654 0 1
65 1051 1355 0 1
65 1052 1456 0 1
65 1053 1437 0 1
65 1054 1215 0 1
65 1055 1165 0 1
65 1056 1405 0 1
65 1057 1328 0 1
65 1058 1417 0 1
66 1071 397 0 1
66 1072 895 0 1
66 1073 714 0 1
66 1074 319 0 1
67 1087 455 0 1
67 1088 1045 0 1
67 1089 867 0 1
67 1090 391 0 1
68 1099 478 0 1
68 1100 1131 0 1
68 1101 1001 0 1
68 1102 412 0 1
69 1111 536 0 1
69 1112 1264 0 1
69 1113 1038 0 1
69 1114 436 0 1
70 1123 625 0 1
70 1124 1351 0 1
70 1125 1045 0 1
70 1126 417 0 1
71 1135 523 0 1
71 1136 1168 0 1
71 1137 1133 0 1
71 1138 484 0 1
72 1147 543 0 1
72 1148 1049 0 1
72 1149 1121 0 1
72 1150 553 0 1
73 1171 1359 0 1
73 1172 1188 0 1
73 1173 1114 0 1
73 1174 1026 0 1
73 1175 1263 0 1
73 1176 1172 0 1
73 1177 1193 0 1
73 1178 1383 0 1
73 1179 1445 0 1
73 1180 289 0 1
74 1189 421 0 1
74 1190 625 0 1
74 1191 539 0 1
74 1192 399 0 1
75 1203 830 0 1
75 1204 1135 0 1
75 1205 1032 0 1
75 1206 884 0 1
76 1215 648 0 1
76 1216 928 0 1
76 1217 851 0 1
76 1218 761 0 1
77 1229 473 0 1
77 1230 1021 0 1
77 1231 906 0 1
77 1232 644 0 1
78 1243 486 0 1
78 1244 916 0 1
78 1245 903 0 1
78 1246 698 0 1
79 1255 516 0 1
79 1256 756 0 1
79 1257 849 0 1
79 1258 703 0 1
80 1267 487 0 1
80 1268 831 0 1
80 1269 871 0 1
80 1270 703 0 1
81 1293 1452 0 1
81 1294 1378 0 1
81 1295 1451 0 1
81 1296 1281 0 1
81 1297 1389 0 1
81 1298 1316 0 1
81 1299 1285 0 1
81 1300 1441 0 1
81 1301 195 0 1
82 1312 497 0 1
82 1313 724 0 1
82 1314 678 0 1
82 1315 481 0 1
83 1324 607 0 1
83 1325 1004 0 1
83 1326 962 0 1
83 1327 656 0 1
84 1336 499 0 1
84 1337 865 0 1
84 1338 764 0 1
84 1339 628 0 1
85 1350 576 0 1
85 1351 1125 0 1
85 1352 915 0 1
85 1353 725 0 1
86 1362 537 0 1
86 1363 924 0 1
86 1364 707 0 1
86 1365 615 0 1
87 1374 508 0 1
87 1375 931 0 1
87 1376 690 0 1
87 1377 684 0 1
88 1388 503 0 1
88 1389 1003 0 1
88 1390 752 0 1
88 1391 733 0 1
89 1414 1299 0 1
89 1415 1160 0 1
89 1416 1038 0 1
89 1417 1026 0 1
89 1418 1022 0 1
89 1419 1244 0 1
89 1420 1441 0 1
89 1421 1421 0 1
89 1422 1244 0 1
89 1423 891 0 1
90 1440 1297 0 1
90 1441 684 0 1
90 1442 1251 0 1
90 1443 1271 0 1
90 1444 1013 0 1
90 1445 1357 0 1
90 1446 906 0 1
90 1447 1333 0 1
90 1448 311 0 1
91 1465 1282 0 1
91 1466 661 0 1
91 1467 1239 0 1
91 1468 1265 0 1
91 1469 1007 0 1
91 1470 1437 0 1
91 1471 852 0 1
91 1472 1401 0 1
91 1473 361 0 1
92 1486 636 0 1
92 1487 1067 0 1
92 1488 992 0 1
92 1489 776 0 1
93 1500 592 0 1
93 1501 1351 0 1
93 1502 1190 0 1
93 1503 750 0 1
94 1514 512 0 1
94 1515 1156 0 1
94 1516 940 0 1
94 1517 726 0 1
95 1528 467 0 1
95 1529 1207 0 1
95 1530 1119 0 1
95 1531 695 0 1
96 1542 551 0 1
96 1543 1258 0 1
96 1544 1077 0 1
96 1545 741 0 1
97 1568 1380 0 1
97 1569 1458 0 1
97 1570 1390 0 1
97 1571 1309 0 1
97 1572 1419 0 1
97 1573 1341 0 1
97 1574 1360 0 1
97 1575 1341 0 1
97 1576 255 0 1
98 1585 378 0 1
98 1586 935 0 1
98 1587 860 0 1
98 1588 445 0 1
99 1599 545 0 1
99 1600 1231 0 1
99 1601 1193 0 1
99 1602 658 0 1
100 1613 629 0 1
100 1614 1368 0 1
100 1615 1187 0 1
100 1616 767 0 1
101 1627 669 0 1
101 1628 1458 0 1
101 1629 25 0 1
101 1630 1204 0 1
101 1631 823 0 1
102 1642 723 0 1
102 1643 1316 0 1
102 1644 177 0 1
102 1645 1175 0 1
102 1646 808 0 1
103 1657 729 0 1
103 1658 1312 0 1
103 1659 199 0 1
103 1660 1154 0 1
103 1661 837 0 1
104 1672 718 0 1
104 1673 1441 0 1
104 1674 1161 0 1
104 1675 827 0 1
105 1698 1252 0 1
105 1699 1444 0 1
105 1700 1011 0 1
105 1701 1330 0 1
105 1702 1331 0 1
105 1703 1143 0 1
105 1704 1315 0 1
105 1705 1294 0 1
105 1706 1368 0 1
106 1715 463 0 1
106 1716 681 0 1
106 1717 604 0 1
106 1718 568 0 1
107 1727 543 0 1
107 1728 909 0 1
107 1729 901 0 1
107 1730 727 0 1
108 1739 551 0 1
108 1740 946 0 1
108 1741 871 0 1
108 1742 798 0 1
109 1751 555 0 1
109 1752 901 0 1
109 1753 927 0 1
109 1754 792 0 1
110 1765 560 0 1
110 1766 1017 0 1
110 1767 1002 0 1
110 1768 802 0 1
111 1779 554 0 1
111 1780 1036 0 1
111 1781 1003 0 1
111 1782 811 0 1
112 1793 534 0 1
112 1794 985 0 1
112 1795 926 0 1
112 1796 731 0 1
113 1819 1305 0 1
113 1820 1436 0 1
113 1821 1195 0 1
113 1822 1165 0 1
113 1823 1394 0 1
113 1824 1395 0 1
113 1825 1407 0 1
113 1826 1064 0 1
114 1835 444 0 1
114 1836 741 0 1
114 1837 701 0 1
114 1838 518 0 1
115 1847 510 0 1
115 1848 781 0 1
115 1849 713 0 1
115 1850 590 0 1
116 1859 531 0 1
116 1860 906 0 1
116 1861 771 0 1
116 1862 608 0 1
117 1873 553 0 1
117 1874 1026 0 1
117 1875 804 0 1
117 1876 692 0 1
118 1887 627 0 1
118 1888 1307 0 1
118 1889 940 0 1
118 1890 733 0 1
119 1901 554 0 1
119 1902 1343 0 1
119 1903 154 0 1
119 1904 813 0 1
119 1905 770 0 1
120 1916 606 0 1
120 1917 1166 0 1
120 1918 785 0 1
120 1919 647 0 1
121 1944 1459 0 1
121 1945 1103 0 1
121 1946 1065 0 1
121 1947 1091 0 1
121 1948 1240 0 1
121 1949 1262 0 1
121 1950 1434 0 1
121 1951 1275 0 1
121 1952 1222 0 1
121 1953 1339 0 1
121 1954 266 0 1
122 1969 1367 0 1
122 1970 325 0 1
122 1971 1162 0 1
122 1972 1235 0 1
122 1973 601 0 1
122 1974 1402 0 1
122 1975 528 0 1
122 1976 1372 0 1
123 1991 785 0 1
123 1992 1349 0 1
123 1993 1066 0 1
123 1994 777 0 1
124 2007 618 0 1
124 2008 1196 0 1
124 2009 964 0 1
124 2010 888 0 1
125 2021 1070 0 1
125 2022 1447 0 1
125 2023 1245 0 1
125 2024 1039 0 1
126 2039 1457 0 1
126 2040 328 0 1
126 2041 1304 0 1
126 2042 1268 0 1
126 2043 324 0 1
126 2044 1457 0 1
126 2045 598 0 1
126 2046 1337 0 1
126 2047 153 0 1
127 2058 731 0 1
127 2059 1396 0 1
127 2060 1188 0 1
127 2061 800 0 1
128 2072 685 0 1
128 2073 1141 0 1
128 2074 1067 0 1
128 2075 744 0 1
129 2096 1310 0 1
129 2097 1407 0 1
129 2098 1243 0 1
129 2099 1179 0 1
129 2100 1406 0 1
129 2101 1348 0 1
129 2102 1424 0 1
129 2103 911 0 1
130 2112 386 0 1
130 2113 725 0 1
130 2114 801 0 1
130 2115 481 0 1
131 2124 525 0 1
131 2125 1019 0 1
131 2126 881 0 1
131 2127 635 0 1
132 2136 553 0 1
132 2137 1144 0 1
132 2138 955 0 1
132 2139 586 0 1
133 2148 617 0 1
133 2149 1243 0 1
133 2150 981 0 1
133 2151 610 0 1
134 2162 691 0 1
134 2163 1365 0 1
134 2164 1002 0 1
134 2165 669 0 1
135 2174 781 0 1
135 2175 1393 0 1
135 2176 915 0 1
135 2177 645 0 1
136 2188 841 0 1
136 2189 1386 0 1
136 2190 163 0 1
136 2191 952 0 1
136 2192 713 0 1
137 2215 1344 0 1
137 2216 1444 0 1
137 2217 1450 0 1
137 2218 1317 0 1
137 2219 1255 0 1
137 2220 1404 0 1
137 2221 1458 0 1
137 2222 1364 0 1
137 2223 394 0 1
138 2232 719 0 1
138 2233 899 0 1
138 2234 632 0 1
138 2235 529 0 1
139 2244 818 0 1
139 2245 1091 0 1
139 2246 855 0 1
139 2247 672 0 1
140 2258 843 0 1
140 2259 1202 0 1
140 2260 918 0 1
140 2261 722 0 1
141 2272 895 0 1
141 2273 1148 0 1
141 2274 832 0 1
141 2275 709 0 1
142 2286 824 0 1
142 2287 1103 0 1
142 2288 846 0 1
142 2289 736 0 1
143 2300 978 0 1
143 2301 1064 0 1
143 2302 862 0 1
143 2303 659 0 1
144 2314 853 0 1
144 2315 1087 0 1
144 2316 849 0 1
144 2317 695 0 1
145 2340 1456 0 1
145 2341 1416 0 1
145 2342 1314 0 1
145 2343 1212 0 1
145 2344 1160 0 1
145 2345 1240 0 1
145 2346 1391 0 1
145 2347 1409 0 1
145 2348 218 0 1
146 2359 632 0 1
146 2360 747 0 1
146 2361 640 0 1
146 2362 523 0 1
147 2371 804 0 1
147 2372 893 0 1
147 2373 799 0 1
147 2374 603 0 1
148 2389 1229 0 1
148 2390 1218 0 1
148 2391 1280 0 1
148 2392 1301 0 1
148 2393 314 0 1
148 2394 1341 0 1
148 2395 594 0 1
148 2396 1444 0 1
149 2411 1394 0 1
149 2412 889 0 1
149 2413 1280 0 1
149 2414 1254 0 1
149 2415 291 0 1
149 2416 1348 0 1
149 2417 584 0 1
149 2418 1412 0 1
150 2433 968 0 1
150 2434 1386 0 1
150 2435 172 0 1
150 2436 1062 0 1
150 2437 775 0 1
151 2448 882 0 1
151 2449 1332 0 1
151 2450 1029 0 1
151 2451 730 0 1
152 2462 806 0 1
152 2463 1223 0 1
152 2464 1052 0 1
152 2465 742 0 1
153 2488 1296 0 1
153 2489 1459 0 1
153 2490 1391 0 1
153 2491 1241 0 1
153 2492 1174 0 1
153 2493 1228 0 1
153 2494 1222 0 1
153 2495 1317 0 1
153 2496 600 0 1
154 2513 1336 0 1
154 2514 1457 0 1
154 2515 32 0 1
154 2516 1264 0 1
154 2517 1155 0 1
154 2518 975 0 1
154 2519 1375 0 1
154 2520 1069 0 1
154 2521 1393 0 1
154 2522 603 0 1
155 2539 1311 0 1
155 2540 965 0 1
155 2541 1120 0 1
155 2542 1129 0 1
155 2543 1065 0 1
155 2544 1324 0 1
155 2545 857 0 1
155 2546 1333 0 1
155 2547 123 0 1
156 2562 905 0 1
156 2563 1321 0 1
156 2564 181 0 1
156 2565 1170 0 1
156 2566 866 0 1
157 2581 801 0 1
157 2582 1163 0 1
157 2583 1101 0 1
157 2584 840 0 1
158 2595 736 0 1
158 2596 1161 0 1
158 2597 1045 0 1
158 2598 846 0 1
159 2609 686 0 1
159 2610 1145 0 1
159 2611 1135 0 1
159 2612 787 0 1
160 2621 723 0 1
160 2622 1120 0 1
160 2623 1029 0 1
160 2624 814 0 1
161 2647 1364 0 1
161 2648 1098 0 1
161 2649 1289 0 1
161 2650 1390 0 1
161 2651 1330 0 1
161 2652 1371 0 1
161 2653 1442 0 1
161 2654 1298 0 1
161 2655 1181 0 1
162 2664 544 0 1
162 2665 644 0 1
162 2666 797 0 1
162 2667 565 0 1
163 2676 605 0 1
163 2677 850 0 1
163 2678 1021 0 1
163 2679 767 0 1
164 2688 653 0 1
164 2689 965 0 1
164 2690 1106 0 1
164 2691 822 0 1
165 2700 608 0 1
165 2701 816 0 1
165 2702 1021 0 1
165 2703 743 0 1
166 2720 1361 0 1
166 2721 1216 0 1
166 2722 1324 0 1
166 2723 1413 0 1
166 2724 639 0 1
166 2725 1362 0 1
166 2726 1094 0 1
166 2727 1457 0 1
166 2728 572 0 1
167 2743 1308 0 1
167 2744 912 0 1
167 2745 1257 0 1
167 2746 1366 0 1
167 2747 540 0 1
167 2748 1383 0 1
167 2749 677 0 1
167 2750 1377 0 1
167 2751 127 0 1
168 2766 1114 0 1
168 2767 1444 0 1
168 2768 158 0 1
168 2769 1125 0 1
168 2770 870 0 1
169 2793 1442 0 1
169 2794 1168 0 1
169 2795 1348 0 1
169 2796 1278 0 1
169 2797 1167 0 1
169 2798 1339 0 1
169 2799 1344 0 1
169 2800 1440 0 1
169 2801 923 0 1
170 2820 1388 0 1
170 2821 1133 0 1
170 2822 347 0 1
170 2823 1021 0 1
170 2824 1237 0 1
170 2825 1155 0 1
170 2826 332 0 1
170 2827 1396 0 1
170 2828 1143 0 1
170 2829 1272 0 1
170 2830 913 0 1
171 2845 1316 0 1
171 2846 985 0 1
171 2847 1245 0 1
171 2848 1277 0 1
171 2849 525 0 1
171 2850 1441 0 1
171 2851 522 0 1
171 2852 1417 0 1
171 2853 137 0 1
172 2868 1038 0 1
172 2869 1301 0 1
172 2870 1133 0 1
172 2871 771 0 1
173 2886 846 0 1
173 2887 1124 0 1
173 2888 1070 0 1
173 2889 760 0 1
174 2900 751 0 1
174 2901 1087 0 1
174 2902 1150 0 1
174 2903 770 0 1
175 2920 1218 0 1
175 2921 1230 0 1
175 2922 1403 0 1
175 2923 1226 0 1
175 2924 331 0 1
175 2925 1397 0 1
175 2926 779 0 1
175 2927 1313 0 1
175 2928 469 0 1
176 2943 1294 0 1
176 2944 996 0 1
176 2945 1277 0 1
176 2946 1314 0 1
176 2947 1460 0 1
176 2948 539 0 1
176 2949 1287 0 1
176 2950 256 0 1
177 2973 1255 0 1
177 2974 1122 0 1
177 2975 1299 0 1
177 2976 1213 0 1
177 2977 1397 0 1
177 2978 1439 0 1
177 2979 1409 0 1
177 2980 1328 0 1
177 2981 331 0 1
178 2996 970 0 1
178 2997 1137 0 1
178 2998 992 0 1
178 2999 664 0 1
179 3016 1458 0 1
179 3017 1075 0 1
179 3018 1425 0 1
179 3019 1255 0 1
179 3020 330 0 1
179 3021 1283 0 1
179 3022 914 0 1
179 3023 1410 0 1
179 3024 313 0 1
180 3039 1330 0 1
180 3040 968 0 1
180 3041 1312 0 1
180 3042 1292 0 1
180 3043 1313 0 1
180 3044 617 0 1
180 3045 1400 0 1
180 3046 134 0 1
181 3061 1011 0 1
181 3062 1355 0 1
181 3063 175 0 1
181 3064 1137 0 1
181 3065 748 0 1
182 3080 1062 0 1
182 3081 1270 0 1
182 3082 1040 0 1
182 3083 823 0 1
183 3096 1259 0 1
183 3097 1375 0 1
183 3098 434 0 1
183 3099 1460 0 1
183 3100 59 0 1
183 3101 1192 0 1
184 3116 1252 0 1
184 3117 1063 0 1
184 3118 1444 0 1
184 3119 1437 0 1
184 3120 1319 0 1
184 3121 630 0 1
184 3122 1410 0 1
184 3123 133 0 1
185 3146 1266 0 1
185 3147 1269 0 1
185 3148 1020 0 1
185 3149 977 0 1
185 3150 1357 0 1
185 3151 1422 0 1
185 3152 1462 0 1
185 3153 1170 0 1
185 3154 1456 0 1
185 3155 222 0 1
186 3166 715 0 1
186 3167 1042 0 1
186 3168 864 0 1
186 3169 656 0 1
187 3184 1312 0 1
187 3185 1152 0 1
187 3186 1249 0 1
187 3187 1421 0 1
187 3188 619 0 1
187 3189 1261 0 1
187 3190 897 0 1
187 3191 1339 0 1
187 3192 360 0 1
188 3207 1299 0 1
188 3208 1094 0 1
188 3209 1458 0 1
188 3210 1288 0 1
188 3211 312 0 1
188 3212 1446 0 1
188 3213 626 0 1
188 3214 1349 0 1
188 3215 210 0 1
189 3230 947 0 1
189 3231 1296 0 1
189 3232 1155 0 1
189 3233 885 0 1
190 3248 856 0 1
190 3249 1242 0 1
190 3250 1045 0 1
190 3251 920 0 1
191 3260 866 0 1
191 3261 1119 0 1
191 3262 1082 0 1
191 3263 829 0 1
192 3272 789 0 1
192 3273 1095 0 1
192 3274 1112 0 1
192 3275 883 0 1
193 3298 1346 0 1
193 3299 1234 0 1
193 3300 1330 0 1
193 3301 1225 0 1
193 3302 1151 0 1
193 3303 1364 0 1
193 3304 1238 0 1
193 3305 1403 0 1
193 3306 1263 0 1
194 3317 709 0 1
194 3318 913 0 1
194 3319 764 0 1
194 3320 715 0 1
195 3331 930 0 1
195 3332 1235 0 1
195 3333 1073 0 1
195 3334 834 0 1
196 3345 1063 0 1
196 3346 1369 0 1
196 3347 1156 0 1
196 3348 933 0 1
197 3359 1096 0 1
197 3360 1323 0 1
197 3361 205 0 1
197 3362 1382 0 1
197 3363 1111 0 1
198 3390 1368 0 1
198 3391 1360 0 1
198 3392 937 0 1
198 3393 1175 0 1
198 3394 1171 0 1
198 3395 1183 0 1
198 3396 1199 0 1
198 3397 626 0 1
198 3398 1119 0 1
198 3399 1124 0 1
198 3400 1327 0 1
198 3401 820 0 1
198 3402 1324 0 1
198 3403 1225 0 1
198 3404 665 0 1
199 3423 1332 0 1
199 3424 1148 0 1
199 3425 412 0 1
199 3426 979 0 1
199 3427 1206 0 1
199 3428 1118 0 1
199 3429 420 0 1
199 3430 1299 0 1
199 3431 1268 0 1
199 3432 1381 0 1
199 3433 376 0 1
200 3452 1246 0 1
200 3453 1396 0 1
200 3454 1407 0 1
200 3455 1433 0 1
200 3456 724 0 1
200 3457 1369 0 1
200 3458 986 0 1
200 3459 1349 0 1
200 3460 491 0 1
201 3487 1188 0 1
201 3488 1283 0 1
201 3489 1020 0 1
201 3490 1159 0 1
201 3491 1075 0 1
201 3492 1358 0 1
201 3493 1308 0 1
201 3494 1400 0 1
201 3495 1231 0 1
201 3496 1351 0 1
201 3497 1049 0 1
202 3516 1239 0 1
202 3517 1455 0 1
202 3518 999 0 1
202 3519 1259 0 1
202 3520 1190 0 1
202 3521 361 0 1
202 3522 1434 0 1
202 3523 965 0 1
202 3524 1419 0 1
202 3525 396 0 1
203 3544 1205 0 1
203 3545 1409 0 1
203 3546 946 0 1
203 3547 1194 0 1
203 3548 1385 0 1
203 3549 1379 0 1
203 3550 902 0 1
203 3551 1357 0 1
203 3552 426 0 1
204 3565 1254 0 1
204 3566 1380 0 1
204 3567 199 0 1
204 3568 1277 0 1
204 3569 889 0 1
205 3588 1458 0 1
205 3589 1123 0 1
205 3590 1333 0 1
205 3591 1427 0 1
205 3592 735 0 1
205 3593 1329 0 1
205 3594 941 0 1
205 3595 1319 0 1
205 3596 407 0 1
206 3613 1418 0 1
206 3614 1077 0 1
206 3615 1266 0 1
206 3616 1455 0 1
206 3617 647 0 1
206 3618 1267 0 1
206 3619 933 0 1
206 3620 1395 0 1
206 3621 218 0 1
207 3638 1228 0 1
207 3639 1458 0 1
207 3640 1258 0 1
207 3641 1424 0 1
207 3642 751 0 1
207 3643 1378 0 1
207 3644 1003 0 1
207 3645 1375 0 1
207 3646 173 0 1
208 3665 1460 0 1
208 3666 1243 0 1
208 3667 1330 0 1
208 3668 1241 0 1
208 3669 1199 0 1
208 3670 1130 0 1
208 3671 1366 0 1
208 3672 290 0 1
208 3673 1382 0 1
208 3674 585 0 1
209 3701 1193 0 1
209 3702 1041 0 1
209 3703 1050 0 1
209 3704 1136 0 1
209 3705 1090 0 1
209 3706 1029 0 1
209 3707 1001 0 1
209 3708 996 0 1
209 3709 1276 0 1
209 3710 1452 0 1
209 3711 1434 0 1
209 3712 1367 0 1
209 3713 475 0 1
210 3728 1139 0 1
210 3729 1203 0 1
210 3730 456 0 1
210 3731 1274 0 1
210 3732 1382 0 1
210 3733 685 0 1
210 3734 1352 0 1
210 3735 878 0 1
210 3736 1374 0 1
210 3737 217 0 1
211 3752 1103 0 1
211 3753 1256 0 1
211 3754 1064 0 1
211 3755 680 0 1
212 3770 1180 0 1
212 3771 1346 0 1
212 3772 1205 0 1
212 3773 815 0 1
213 3784 1384 0 1
213 3785 1403 0 1
213 3786 157 0 1
213 3787 1398 0 1
213 3788 919 0 1
214 3801 1330 0 1
214 3802 1410 0 1
214 3803 221 0 1
214 3804 1401 0 1
214 3805 883 0 1
215 3820 1421 0 1
215 3821 1261 0 1
215 3822 1440 0 1
215 3823 1453 0 1
215 3824 45 0 1
215 3825 1326 0 1
215 3826 883 0 1
215 3827 1339 0 1
215 3828 158 0 1
216 3843 1344 0 1
216 3844 1330 0 1
216 3845 388 0 1
216 3846 1274 0 1
216 3847 835 0 1
217 3874 1250 0 1
217 3875 1433 0 1
217 3876 1088 0 1
217 3877 1072 0 1
217 3878 1086 0 1
217 3879 1079 0 1
217 3880 1336 0 1
217 3881 1289 0 1
217 3882 1373 0 1
217 3883 1284 0 1
217 3884 1424 0 1
217 3885 211 0 1
218 3906 1402 0 1
218 3907 1206 0 1
218 3908 560 0 1
218 3909 1266 0 1
218 3910 1344 0 1
218 3911 1174 0 1
218 3912 1352 0 1
218 3913 1203 0 1
218 3914 254 0 1
218 3915 1326 0 1
218 3916 755 0 1
219 3931 1460 0 1
219 3932 1323 0 1
219 3933 1239 0 1
219 3934 1261 0 1
219 3935 974 0 1
219 3936 1389 0 1
219 3937 926 0 1
219 3938 1457 0 1
219 3939 200 0 1
220 3954 1158 0 1
220 3955 1421 0 1
220 3956 152 0 1
220 3957 1254 0 1
220 3958 850 0 1
221 3973 1109 0 1
221 3974 1186 0 1
221 3975 1052 0 1
221 3976 845 0 1
222 3987 1093 0 1
222 3988 1307 0 1
222 3989 1026 0 1
222 3990 813 0 1
223 4001 1098 0 1
223 4002 1201 0 1
223 4003 1029 0 1
223 4004 884 0 1
224 4017 1109 0 1
224 4018 1261 0 1
224 4019 1069 0 1
224 4020 825 0 1
225 4043 1239 0 1
225 4044 1454 0 1
225 4045 1133 0 1
225 4046 1373 0 1
225 4047 1228 0 1
225 4048 1249 0 1
225 4049 1181 0 1
225 4050 1462 0 1
225 4051 1457 0 1
225 4052 253 0 1
226 4063 1002 0 1
226 4064 953 0 1
226 4065 867 0 1
226 4066 676 0 1
227 4077 1216 0 1
227 4078 1172 0 1
227 4079 1042 0 1
227 4080 960 0 1
228 4093 1289 0 1
228 4094 1300 0 1
228 4095 1271 0 1
228 4096 1072 0 1
229 4109 1459 0 1
229 4110 325 0 1
229 4111 1334 0 1
229 4112 342 0 1
229 4113 1307 0 1
229 4114 1100 0 1
230 4129 1236 0 1
230 4130 280 0 1
230 4131 1340 0 1
230 4132 372 0 1
230 4133 1322 0 1
230 4134 1048 0 1
231 4149 1104 0 1
231 4150 1348 0 1
231 4151 143 0 1
231 4152 1315 0 1
231 4153 940 0 1
232 4166 1168 0 1
232 4167 1294 0 1
232 4168 324 0 1
232 4169 1205 0 1
232 4170 1004 0 1
233 4197 1158 0 1
233 4198 1417 0 1
233 4199 1221 0 1
233 4200 1149 0 1
233 4201 1166 0 1
233 4202 1418 0 1
233 4203 1388 0 1
233 4204 1164 0 1
233 4205 1366 0 1
233 4206 1393 0 1
233 4207 1341 0 1
234 4222 1206 0 1
234 4223 279 0 1
234 4224 1272 0 1
234 4225 903 0 1
234 4226 1434 0 1
234 4227 379 0 1
234 4228 1216 0 1
235 4243 1294 0 1
235 4244 1326 0 1
235 4245 399 0 1
235 4246 1350 0 1
235 4247 202 0 1
235 4248 1169 0 1
236 4263 1146 0 1
236 4264 1304 0 1
236 4265 1197 0 1
236 4266 947 0 1
237 4279 1170 0 1
237 4280 1272 0 1
237 4281 1135 0 1
237 4282 923 0 1
238 4297 1315 0 1
238 4298 1335 0 1
238 4299 180 0 1
238 4300 1281 0 1
238 4301 862 0 1
239 4314 1185 0 1
239 4315 1309 0 1
239 4316 1123 0 1
239 4317 774 0 1
240 4332 1441 0 1
240 4333 1416 0 1
240 4334 405 0 1
240 4335 1390 0 1
240 4336 334 0 1
240 4337 1054 0 1
241 4362 1211 0 1
241 4363 1401 0 1
241 4364 1200 0 1
241 4365 1042 0 1
241 4366 1042 0 1
241 4367 1320 0 1
241 4368 1213 0 1
241 4369 1166 0 1
241 4370 1342 0 1
241 4371 1457 0 1
241 4372 1046 0 1
242 4385 865 0 1
242 4386 1039 0 1
242 4387 771 0 1
242 4388 555 0 1
243 4407 1349 0 1
243 4408 1259 0 1
243 4409 560 0 1
243 4410 1198 0 1
243 4411 1169 0 1
243 4412 900 0 1
243 4413 1193 0 1
243 4414 1215 0 1
243 4415 1368 0 1
243 4416 324 0 1
244 4431 1241 0 1
244 4432 580 0 1
244 4433 1396 0 1
244 4434 617 0 1
244 4435 1346 0 1
244 4436 184 0 1
244 4437 1299 0 1
245 4452 1456 0 1
245 4453 298 0 1
245 4454 1287 0 1
245 4455 619 0 1
245 4456 1444 0 1
245 4457 182 0 1
245 4458 1220 0 1
246 4473 1312 0 1
246 4474 556 0 1
246 4475 1383 0 1
246 4476 661 0 1
246 4477 1384 0 1
246 4478 351 0 1
246 4479 1156 0 1
247 4494 1336 0 1
247 4495 1287 0 1
247 4496 1008 0 1
247 4497 744 0 1
248 4518 1237 0 1
248 4519 1416 0 1
248 4520 1053 0 1
248 4521 1369 0 1
248 4522 1291 0 1
248 4523 1099 0 1
248 4524 1320 0 1
248 4525 1375 0 1
248 4526 1285 0 1
248 4527 787 0 1
249 4552 1371 0 1
249 4553 1010 0 1
249 4554 1186 0 1
249 4555 1165 0 1
249 4556 1168 0 1
249 4557 1121 0 1
249 4558 1026 0 1
249 4559 1344 0 1
249 4560 1181 0 1
249 4561 1399 0 1
249 4562 1433 0 1
249 4563 1035 0 1
250 4580 1269 0 1
250 4581 1372 0 1
250 4582 145 0 1
250 4583 966 0 1
250 4584 759 0 1
251 4601 1199 0 1
251 4602 1369 0 1
251 4603 137 0 1
251 4604 1131 0 1
251 4605 943 0 1
252 4618 1381 0 1
252 4619 1325 0 1
252 4620 352 0 1
252 4621 1292 0 1
252 4622 987 0 1
253 4635 1308 0 1
253 4636 1340 0 1
253 4637 144 0 1
253 4638 1204 0 1
253 4639 897 0 1
254 4652 1346 0 1
254 4653 1395 0 1
254 4654 160 0 1
254 4655 1220 0 1
254 4656 1043 0 1
255 4667 1257 0 1
255 4668 1359 0 1
255 4669 1309 0 1
255 4670 1004 0 1
256 4683 1210 0 1
256 4684 1324 0 1
256 4685 1285 0 1
256 4686 1058 0 1
257 4713 1318 0 1
257 4714 1051 0 1
257 4715 1079 0 1
257 4716 1105 0 1
257 4717 1077 0 1
257 4718 1073 0 1
257 4719 1412 0 1
257 4720 1367 0 1
257 4721 1440 0 1
257 4722 1315 0 1
257 4723 1368 0 1
257 4724 359 0 1
258 4737 820 0 1
258 4738 845 0 1
258 4739 939 0 1
258 4740 843 0 1
259 4753 1005 0 1
259 4754 1109 0 1
259 4755 1099 0 1
259 4756 1188 0 1
260 4789 1196 0 1
260 4790 1061 0 1
260 4791 1117 0 1
260 4792 1211 0 1
260 4793 1151 0 1
260 4794 1241 0 1
260 4795 1067 0 1
260 4796 1083 0 1
260 4797 559 0 1
260 4798 1331 0 1
260 4799 1169 0 1
260 4800 1299 0 1
260 4801 397 0 1
260 4802 1402 0 1
260 4803 1371 0 1
260 4804 1129 0 1
261 4823 1448 0 1
261 4824 1328 0 1
261 4825 571 0 1
261 4826 1199 0 1
261 4827 1164 0 1
261 4828 822 0 1
261 4829 1415 0 1
261 4830 645 0 1
261 4831 1313 0 1
261 4832 462 0 1
262 4853 1458 0 1
262 4854 1459 0 1
262 4855 643 0 1
262 4856 1373 0 1
262 4857 1240 0 1
262 4858 954 0 1
262 4859 1357 0 1
262 4860 906 0 1
262 4861 1279 0 1
262 4862 687 0 1
263 4883 1411 0 1
263 4884 1360 0 1
263 4885 550 0 1
263 4886 1356 0 1
263 4887 1287 0 1
263 4888 1074 0 1
263 4889 1229 0 1
263 4890 1178 0 1
263 4891 1330 0 1
263 4892 431 0 1
264 4907 1182 0 1
264 4908 1337 0 1
264 4909 331 0 1
264 4910 1218 0 1
264 4911 884 0 1
265 4936 1316 0 1
265 4937 1006 0 1
265 4938 1188 0 1
265 4939 1293 0 1
265 4940 1146 0 1
265 4941 1228 0 1
265 4942 1295 0 1
265 4943 1288 0 1
265 4944 1384 0 1
265 4945 1234 0 1
265 4946 1292 0 1
265 4947 547 0 1
266 4962 935 0 1
266 4963 982 0 1
266 4964 806 0 1
266 4965 617 0 1
267 4974 1082 0 1
267 4975 1253 0 1
267 4976 1082 0 1
267 4977 729 0 1
268 4990 1220 0 1
268 4991 1360 0 1
268 4992 1074 0 1
268 4993 862 0 1
269 5006 1375 0 1
269 5007 1386 0 1
269 5008 167 0 1
269 5009 1110 0 1
269 5010 663 0 1
270 5031 1457 0 1
270 5032 1432 0 1
270 5033 589 0 1
270 5034 1450 0 1
270 5035 1292 0 1
270 5036 946 0 1
270 5037 1424 0 1
270 5038 915 0 1
270 5039 1382 0 1
270 5040 325 0 1
271 5059 1384 0 1
271 5060 1294 0 1
271 5061 571 0 1
271 5062 1379 0 1
271 5063 1312 0 1
271 5064 965 0 1
271 5065 1355 0 1
271 5066 854 0 1
271 5067 1459 0 1
271 5068 26 0 1
272 5083 980 0 1
272 5084 1141 0 1
272 5085 1052 0 1
272 5086 762 0 1
273 5111 1456 0 1
273 5112 1290 0 1
273 5113 1081 0 1
273 5114 1361 0 1
273 5115 1336 0 1
273 5116 1224 0 1
273 5117 1341 0 1
273 5118 1454 0 1
273 5119 1455 0 1
273 5120 397 0 1
274 5135 698 0 1
274 5136 976 0 1
274 5137 805 0 1
274 5138 630 0 1
275 5161 1454 0 1
275 5162 1311 0 1
275 5163 496 0 1
275 5164 1343 0 1
275 5165 1278 0 1
275 5166 1099 0 1
275 5167 1399 0 1
275 5168 1395 0 1
275 5169 308 0 1
275 5170 1449 0 1
275 5171 807 0 1
276 5188 1381 0 1
276 5189 1170 0 1
276 5190 434 0 1
276 5191 1232 0 1
276 5192 1140 0 1
276 5193 964 0 1
276 5194 1377 0 1
276 5195 893 0 1
276 5196 1354 0 1
276 5197 175 0 1
277 5216 1405 0 1
277 5217 1158 0 1
277 5218 439 0 1
277 5219 1233 0 1
277 5220 1200 0 1
277 5221 1110 0 1
277 5222 1285 0 1
277 5223 1293 0 1
277 5224 1441 0 1
277 5225 387 0 1
278 5244 1284 0 1
278 5245 1131 0 1
278 5246 447 0 1
278 5247 1206 0 1
278 5248 1443 0 1
278 5249 732 0 1
278 5250 1209 0 1
278 5251 1177 0 1
278 5252 1349 0 1
278 5253 165 0 1
279 5268 1223 0 1
279 5269 1417 0 1
279 5270 391 0 1
279 5271 1291 0 1
279 5272 837 0 1
280 5287 1133 0 1
280 5288 1423 0 1
280 5289 199 0 1
280 5290 1080 0 1
280 5291 811 0 1
281 5316 1104 0 1
281 5317 1299 0 1
281 5318 1449 0 1
281 5319 1013 0 1
281 5320 1054 0 1
281 5321 1281 0 1
281 5322 1277 0 1
281 5323 1390 0 1
281 5324 1222 0 1
281 5325 1430 0 1
281 5326 722 0 1
282 5347 1449 0 1
282 5348 1231 0 1
282 5349 835 0 1
282 5350 1253 0 1
282 5351 1415 0 1
282 5352 721 0 1
282 5353 1199 0 1
282 5354 1443 0 1
282 5355 1353 0 1
282 5356 756 0 1
283 5373 1344 0 1
283 5374 1443 0 1
283 5375 47 0 1
283 5376 1216 0 1
283 5377 1176 0 1
283 5378 1143 0 1
283 5379 1206 0 1
283 5380 1310 0 1
283 5381 1348 0 1
283 5382 180 0 1
284 5401 1401 0 1
284 5402 1453 0 1
284 5403 278 0 1
284 5404 1427 0 1
284 5405 1252 0 1
285 5422 1112 0 1
285 5423 1379 0 1
285 5424 230 0 1
285 5425 1251 0 1
285 5426 1091 0 1
286 5439 1086 0 1
286 5440 1322 0 1
286 5441 1140 0 1
286 5442 1012 0 1
287 5453 929 0 1
287 5454 1449 0 1
287 5455 1016 0 1
287 5456 969 0 1
288 5467 1152 0 1
288 5468 1284 0 1
288 5469 878 0 1
288 5470 990 0 1
289 5497 1213 0 1
289 5498 983 0 1
289 5499 1419 0 1
289 5500 1455 0 1
289 5501 1264 0 1
289 5502 1341 0 1
289 5503 1206 0 1
289 5504 1370 0 1
289 5505 1460 0 1
289 5506 1319 0 1
289 5507 1415 0 1
290 5522 1219 0 1
290 5523 1213 0 1
290 5524 1451 0 1
290 5525 1178 0 1
290 5526 1348 0 1
290 5527 650 0 1
290 5528 1368 0 1
290 5529 199 0 1
291 5544 1135 0 1
291 5545 1238 0 1
291 5546 1002 0 1
291 5547 938 0 1
292 5562 1360 0 1
292 5563 1335 0 1
292 5564 205 0 1
292 5565 1100 0 1
292 5566 1044 0 1
293 5581 1435 0 1
293 5582 1375 0 1
293 5583 432 0 1
293 5584 1443 0 1
293 5585 174 0 1
293 5586 1204 0 1
294 5601 1400 0 1
294 5602 1009 0 1
294 5603 1209 0 1
294 5604 1245 0 1
294 5605 281 0 1
294 5606 1279 0 1
294 5607 841 0 1
294 5608 1390 0 1
294 5609 144 0 1
295 5628 1459 0 1
295 5629 1025 0 1
295 5630 1422 0 1
295 5631 1392 0 1
295 5632 304 0 1
295 5633 1334 0 1
295 5634 879 0 1
295 5635 1349 0 1
295 5636 318 0 1
296 5651 1390 0 1
296 5652 242 0 1
296 5653 1400 0 1
296 5654 365 0 1
296 5655 1341 0 1
296 5656 1165 0 1
297 5681 1122 0 1
297 5682 1221 0 1
297 5683 1435 0 1
297 5684 1265 0 1
297 5685 1291 0 1
297 5686 1316 0 1
297 5687 1458 0 1
297 5688 1381 0 1
297 5689 1022 0 1
298 5702 990 0 1
298 5703 742 0 1
298 5704 714 0 1
298 5705 540 0 1
299 5718 1244 0 1
299 5719 887 0 1
299 5720 775 0 1
299 5721 575 0 1
300 5730 1057 0 1
300 5731 870 0 1
300 5732 852 0 1
300 5733 695 0 1
301 5756 1453 0 1
301 5757 1242 0 1
301 5758 864 0 1
301 5759 1268 0 1
301 5760 1228 0 1
301 5761 1113 0 1
301 5762 1336 0 1
301 5763 1151 0 1
301 5764 647 0 1
301 5765 1308 0 1
301 5766 1126 0 1
302 5781 1420 0 1
302 5782 869 0 1
302 5783 1293 0 1
302 5784 933 0 1
302 5785 1302 0 1
302 5786 627 0 1
302 5787 1300 0 1
303 5802 1430 0 1
303 5803 1206 0 1
303 5804 826 0 1
303 5805 677 0 1
304 5820 1383 0 1
304 5821 1056 0 1
304 5822 871 0 1
304 5823 764 0 1
305 5844 1453 0 1
305 5845 1242 0 1
305 5846 1236 0 1
305 5847 1425 0 1
305 5848 1456 0 1
305 5849 1451 0 1
305 5850 1343 0 1
305 5851 872 0 1
306 5862 965 0 1
306 5863 761 0 1
306 5864 575 0 1
306 5865 489 0 1
307 5874 1204 0 1
307 5875 909 0 1
307 5876 720 0 1
307 5877 580 0 1
308 5886 1224 0 1
308 5887 996 0 1
308 5888 877 0 1
308 5889 722 0 1
309 5902 1297 0 1
309 5903 200 0 1
309 5904 1431 0 1
309 5905 1105 0 1
309 5906 683 0 1
310 5921 1364 0 1
310 5922 1274 0 1
310 5923 1328 0 1
310 5924 1227 0 1
310 5925 337 0 1
310 5926 1266 0 1
310 5927 992 0 1
310 5928 1331 0 1
311 5943 1329 0 1
311 5944 1196 0 1
311 5945 1414 0 1
311 5946 1274 0 1
311 5947 1370 0 1
311 5948 670 0 1
311 5949 1418 0 1
312 5964 1205 0 1
312 5965 1398 0 1
312 5966 949 0 1
312 5967 777 0 1
313 5992 1347 0 1
313 5993 1295 0 1
313 5994 1239 0 1
313 5995 1336 0 1
313 5996 1156 0 1
313 5997 1306 0 1
313 5998 1265 0 1
313 5999 1309 0 1
313 6000 1326 0 1
313 6001 268 0 1
314 6014 886 0 1
314 6015 753 0 1
314 6016 699 0 1
314 6017 672 0 1
315 6036 1236 0 1
315 6037 1384 0 1
315 6038 394 0 1
315 6039 1329 0 1
315 6040 1360 0 1
315 6041 759 0 1
315 6042 1426 0 1
315 6043 1090 0 1
315 6044 1401 0 1
315 6045 777 0 1
316 6060 1459 0 1
316 6061 1352 0 1
316 6062 1189 0 1
316 6063 1324 0 1
316 6064 712 0 1
316 6065 1302 0 1
316 6066 886 0 1
316 6067 1426 0 1
317 6086 1189 0 1
317 6087 1429 0 1
317 6088 388 0 1
317 6089 1295 0 1
317 6090 1280 0 1
317 6091 741 0 1
317 6092 1349 0 1
317 6093 999 0 1
317 6094 1460 0 1
317 6095 220 0 1
318 6114 1219 0 1
318 6115 1198 0 1
318 6116 716 0 1
318 6117 1339 0 1
318 6118 1299 0 1
318 6119 650 0 1
318 6120 1400 0 1
318 6121 1053 0 1
318 6122 1428 0 1
318 6123 431 0 1
319 6138 1177 0 1
319 6139 1449 0 1
319 6140 340 0 1
319 6141 1192 0 1
319 6142 1293 0 1
319 6143 629 0 1
319 6144 1337 0 1
319 6145 845 0 1
319 6146 1380 0 1
319 6147 195 0 1
320 6162 1386 0 1
320 6163 1187 0 1
320 6164 1241 0 1
320 6165 1380 0 1
320 6166 1395 0 1
320 6167 603 0 1
320 6168 1330 0 1
321 6193 1338 0 1
321 6194 1210 0 1
321 6195 1202 0 1
321 6196 1460 0 1
321 6197 1378 0 1
321 6198 1411 0 1
321 6199 1399 0 1
321 6200 1349 0 1
322 6213 1228 0 1
322 6214 756 0 1
322 6215 698 0 1
322 6216 744 0 1
323 6229 1294 0 1
323 6230 983 0 1
323 6231 876 0 1
323 6232 870 0 1
324 6243 1332 0 1
324 6244 1147 0 1
324 6245 1052 0 1
324 6246 1070 0 1
325 6257 1419 0 1
325 6258 205 0 1
325 6259 1167 0 1
325 6260 905 0 1
325 6261 909 0 1
326 6274 1383 0 1
326 6275 1236 0 1
326 6276 1031 0 1
326 6277 1001 0 1
327 6286 1368 0 1
327 6287 1115 0 1
327 6288 992 0 1
327 6289 970 0 1
328 6298 1281 0 1
328 6299 928 0 1
328 6300 893 0 1
328 6301 837 0 1
329 6324 1356 0 1
329 6325 1205 0 1
329 6326 1134 0 1
329 6327 1104 0 1
329 6328 1415 0 1
329 6329 1295 0 1
329 6330 1223 0 1
329 6331 1255 0 1
329 6332 1255 0 1
330 6341 1004 0 1
330 6342 674 0 1
330 6343 548 0 1
330 6344 434 0 1
331 6355 1128 0 1
331 6356 871 0 1
331 6357 672 0 1
331 6358 563 0 1
332 6367 1198 0 1
332 6368 932 0 1
332 6369 683 0 1
332 6370 559 0 1
333 6385 1408 0 1
333 6386 1224 0 1
333 6387 1290 0 1
333 6388 1326 0 1
333 6389 1330 0 1
333 6390 669 0 1
333 6391 1275 0 1
334 6406 1236 0 1
334 6407 1205 0 1
334 6408 1425 0 1
334 6409 973 0 1
334 6410 1454 0 1
334 6411 252 0 1
334 6412 1164 0 1
335 6425 1149 0 1
335 6426 1120 0 1
335 6427 807 0 1
335 6428 642 0 1
336 6441 1247 0 1
336 6442 1295 0 1
336 6443 828 0 1
336 6444 723 0 1
337 6467 1179 0 1
337 6468 1211 0 1
337 6469 1260 0 1
337 6470 1272 0 1
337 6471 1112 0 1
337 6472 1343 0 1
337 6473 1254 0 1
337 6474 1384 0 1
337 6475 1259 0 1
337 6476 248 0 1
338 6491 1183 0 1
338 6492 1070 0 1
338 6493 1279 0 1
338 6494 1296 0 1
338 6495 1367 0 1
338 6496 661 0 1
338 6497 1335 0 1
338 6498 165 0 1
339 6513 1121 0 1
339 6514 1307 0 1
339 6515 1062 0 1
339 6516 934 0 1
340 6531 1162 0 1
340 6532 1377 0 1
340 6533 1101 0 1
340 6534 858 0 1
341 6545 1117 0 1
341 6546 1255 0 1
341 6547 1041 0 1
341 6548 880 0 1
342 6561 1165 0 1
342 6562 1323 0 1
342 6563 177 0 1
342 6564 1300 0 1
342 6565 909 0 1
343 6578 1121 0 1
343 6579 1297 0 1
343 6580 411 0 1
343 6581 1158 0 1
343 6582 783 0 1
344 6593 1276 0 1
344 6594 1351 0 1
344 6595 404 0 1
344 6596 1117 0 1
344 6597 880 0 1
345 6620 1377 0 1
345 6621 1453 0 1
345 6622 1322 0 1
345 6623 1274 0 1
345 6624 1372 0 1
345 6625 1154 0 1
345 6626 1316 0 1
345 6627 1183 0 1
345 6628 1402 0 1
346 6639 960 0 1
346 6640 1183 0 1
346 6641 1068 0 1
346 6642 1006 0 1
347 6659 1457 0 1
347 6660 904 0 1
347 6661 1388 0 1
347 6662 1200 0 1
347 6663 382 0 1
347 6664 1382 0 1
347 6665 1259 0 1
347 6666 1394 0 1
347 6667 631 0 1
348 6682 1263 0 1
348 6683 833 0 1
348 6684 1188 0 1
348 6685 1275 0 1
348 6686 1304 0 1
348 6687 872 0 1
348 6688 1429 0 1
349 6705 1229 0 1
349 6706 1221 0 1
349 6707 1281 0 1
349 6708 1160 0 1
349 6709 304 0 1
349 6710 1418 0 1
349 6711 976 0 1
349 6712 1332 0 1
349 6713 554 0 1
350 6728 1442 0 1
350 6729 562 0 1
350 6730 1134 0 1
350 6731 1311 0 1
350 6732 1413 0 1
350 6733 631 0 1
350 6734 1433 0 1
351 6749 813 0 1
351 6750 804 0 1
351 6751 944 0 1
351 6752 866 0 1
352 6773 1167 0 1
352 6774 1219 0 1
352 6775 351 0 1
352 6776 1314 0 1
352 6777 1315 0 1
352 6778 427 0 1
352 6779 1220 0 1
352 6780 1409 0 1
352 6781 712 0 1
352 6782 1341 0 1
352 6783 1284 0 1
353 6804 1458 0 1
353 6805 1201 0 1
353 6806 1364 0 1
353 6807 1462 0 1
353 6808 1313 0 1
353 6809 1245 0 1
353 6810 1374 0 1
354 6825 711 0 1
354 6826 814 0 1
354 6827 788 0 1
354 6828 715 0 1
355 6843 1345 0 1
355 6844 497 0 1
355 6845 1399 0 1
355 6846 658 0 1
355 6847 1456 0 1
355 6848 418 0 1
355 6849 1437 0 1
356 6864 1406 0 1
356 6865 274 0 1
356 6866 1319 0 1
356 6867 654 0 1
356 6868 1300 0 1
356 6869 381 0 1
356 6870 1282 0 1
357 6883 887 0 1
357 6884 1122 0 1
357 6885 988 0 1
357 6886 876 0 1
358 6897 723 0 1
358 6898 711 0 1
358 6899 820 0 1
358 6900 752 0 1
359 6917 1451 0 1
359 6918 495 0 1
359 6919 1385 0 1
359 6920 1078 0 1
359 6921 1286 0 1
359 6922 983 0 1
359 6923 1305 0 1
359 6924 566 0 1
360 6935 1361 0 1
360 6936 1439 0 1
360 6937 392 0 1
360 6938 1383 0 1
360 6939 152 0 1
360 6940 1170 0 1
361 6961 1302 0 1
361 6962 1367 0 1
361 6963 1300 0 1
361 6964 1349 0 1
361 6965 1383 0 1
361 6966 1323 0 1
362 6977 1425 0 1
362 6978 1430 0 1
362 6979 418 0 1
362 6980 1283 0 1
362 6981 308 0 1
362 6982 1253 0 1
363 6993 1375 0 1
363 6994 1336 0 1
363 6995 364 0 1
363 6996 1361 0 1
363 6997 173 0 1
363 6998 1256 0 1
364 7009 1315 0 1
364 7010 1389 0 1
364 7011 423 0 1
364 7012 1363 0 1
364 7013 166 0 1
364 7014 1302 0 1
365 7025 715 0 1
365 7026 1045 0 1
365 7027 851 0 1
365 7028 742 0 1
366 7037 720 0 1
366 7038 937 0 1
366 7039 831 0 1
366 7040 755 0 1
367 7049 680 0 1
367 7050 835 0 1
367 7051 727 0 1
367 7052 603 0 1
368 7061 666 0 1
368 7062 870 0 1
368 7063 757 0 1
368 7064 666 0 1
369 7083 1426 0 1
369 7084 1351 0 1
369 7085 1314 0 1
369 7086 1351 0 1
369 7087 1401 0 1
369 7088 786 0 1
370 7097 580 0 1
370 7098 706 0 1
370 7099 618 0 1
370 7100 617 0 1
371 7109 592 0 1
371 7110 783 0 1
371 7111 687 0 1
371 7112 590 0 1
372 7125 1440 0 1
372 7126 1359 0 1
372 7127 648 0 1
372 7128 1380 0 1
372 7129 205 0 1
372 7130 1218 0 1
373 7143 1415 0 1
373 7144 1424 0 1
373 7145 636 0 1
373 7146 1330 0 1
373 7147 517 0 1
373 7148 1345 0 1
374 7161 924 0 1
374 7162 1337 0 1
374 7163 1040 0 1
374 7164 830 0 1
375 7179 1411 0 1
375 7180 319 0 1
375 7181 1272 0 1
375 7182 1080 0 1
375 7183 1309 0 1
375 7184 824 0 1
375 7185 1456 0 1
375 7186 148 0 1
376 7199 1458 0 1
376 7200 41 0 1
376 7201 1456 0 1
376 7202 651 0 1
376 7203 1352 0 1
376 7204 384 0 1
376 7205 1298 0 1
377 7226 1312 0 1
377 7227 1215 0 1
377 7228 1396 0 1
377 7229 1227 0 1
377 7230 1275 0 1
377 7231 1437 0 1
377 7232 1210 0 1
378 7249 1355 0 1
378 7250 534 0 1
378 7251 1290 0 1
378 7252 1132 0 1
378 7253 1250 0 1
378 7254 814 0 1
378 7255 1392 0 1
378 7256 347 0 1
379 7271 1386 0 1
379 7272 270 0 1
379 7273 1282 0 1
379 7274 978 0 1
379 7275 1341 0 1
379 7276 387 0 1
379 7277 1440 0 1
380 7294 1408 0 1
380 7295 258 0 1
380 7296 1250 0 1
380 7297 1007 0 1
380 7298 1409 0 1
380 7299 421 0 1
380 7300 1342 0 1
380 7301 326 0 1
381 7316 1456 0 1
381 7317 293 0 1
381 7318 1312 0 1
381 7319 969 0 1
381 7320 1436 0 1
381 7321 406 0 1
381 7322 1443 0 1
381 7323 161 0 1
382 7340 1433 0 1
382 7341 236 0 1
382 7342 1342 0 1
382 7343 996 0 1
382 7344 1380 0 1
382 7345 657 0 1
382 7346 1392 0 1
382 7347 326 0 1
383 7360 849 0 1
383 7361 1303 0 1
383 7362 218 0 1
383 7363 1408 0 1
383 7364 1151 0 1
384 7377 733 0 1
384 7378 1198 0 1
384 7379 1152 0 1
384 7380 985 0 1
385 7401 1240 0 1
385 7402 1275 0 1
385 7403 1459 0 1
385 7404 1331 0 1
385 7405 1329 0 1
385 7406 1423 0 1
385 7407 1085 0 1
386 7424 1330 0 1
386 7425 855 0 1
386 7426 1389 0 1
386 7427 1219 0 1
386 7428 1359 0 1
386 7429 942 0 1
386 7430 1424 0 1
386 7431 604 0 1
387 7446 1455 0 1
387 7447 269 0 1
387 7448 1280 0 1
387 7449 1061 0 1
387 7450 1268 0 1
387 7451 593 0 1
387 7452 1339 0 1
387 7453 363 0 1
388 7470 908 0 1
388 7471 1316 0 1
388 7472 182 0 1
388 7473 1392 0 1
388 7474 1329 0 1
389 7489 1171 0 1
389 7490 1450 0 1
389 7491 306 0 1
389 7492 1432 0 1
389 7493 324 0 1
389 7494 1444 0 1
389 7495 39 0 1
390 7508 994 0 1
390 7509 1400 0 1
390 7510 212 0 1
390 7511 1385 0 1
390 7512 173 0 1
390 7513 1288 0 1
391 7526 752 0 1
391 7527 1192 0 1
391 7528 1162 0 1
391 7529 937 0 1
392 7542 718 0 1
392 7543 1219 0 1
392 7544 1113 0 1
392 7545 875 0 1
393 7568 1272 0 1
393 7569 1295 0 1
393 7570 1431 0 1
393 7571 1451 0 1
393 7572 1185 0 1
393 7573 1244 0 1
393 7574 1429 0 1
393 7575 1047 0 1
394 7592 1266 0 1
394 7593 536 0 1
394 7594 1447 0 1
394 7595 1154 0 1
394 7596 1216 0 1
394 7597 1201 0 1
394 7598 1383 0 1
394 7599 302 0 1
395 7616 1460 0 1
395 7617 637 0 1
395 7618 1286 0 1
395 7619 1169 0 1
395 7620 296 0 1
395 7621 1097 0 1
395 7622 1229 0 1
395 7623 460 0 1
395 7624 1255 0 1
395 7625 747 0 1
396 7640 1421 0 1
396 7641 312 0 1
396 7642 1313 0 1
396 7643 1103 0 1
396 7644 1298 0 1
396 7645 909 0 1
396 7646 1457 0 1
397 7661 1333 0 1
397 7662 302 0 1
397 7663 1347 0 1
397 7664 1169 0 1
397 7665 1236 0 1
397 7666 1292 0 1
397 7667 1421 0 1
397 7668 134 0 1
398 7687 1402 0 1
398 7688 820 0 1
398 7689 1246 0 1
398 7690 1072 0 1
398 7691 762 0 1
398 7692 1239 0 1
398 7693 1207 0 1
398 7694 1091 0 1
398 7695 1302 0 1
398 7696 1180 0 1
399 7711 1374 0 1
399 7712 280 0 1
399 7713 1262 0 1
399 7714 1088 0 1
399 7715 1342 0 1
399 7716 961 0 1
399 7717 1409 0 1
400 7730 652 0 1
400 7731 922 0 1
400 7732 1113 0 1
400 7733 826 0 1
401 7754 1406 0 1
401 7755 1394 0 1
401 7756 1374 0 1
401 7757 1279 0 1
401 7758 1222 0 1
401 7759 1319 0 1
401 7760 1463 0 1
402 7773 546 0 1
402 7774 751 0 1
402 7775 876 0 1
402 7776 688 0 1
403 7787 589 0 1
403 7788 775 0 1
403 7789 1026 0 1
403 7790 864 0 1
404 7801 567 0 1
404 7802 911 0 1
404 7803 1095 0 1
404 7804 796 0 1
405 7815 611 0 1
405 7816 916 0 1
405 7817 1146 0 1
405 7818 842 0 1
406 7827 612 0 1
406 7828 957 0 1
406 7829 1075 0 1
406 7830 833 0 1
407 7843 1299 0 1
407 7844 192 0 1
407 7845 1217 0 1
407 7846 838 0 1
407 7847 1393 0 1
407 7848 559 0 1
407 7849 1374 0 1
407 7850 127 0 1
408 7863 1308 0 1
408 7864 196 0 1
408 7865 1217 0 1
408 7866 826 0 1
408 7867 1367 0 1
408 7868 355 0 1
408 7869 1257 0 1
409 7890 1417 0 1
409 7891 1241 0 1
409 7892 1185 0 1
409 7893 1452 0 1
409 7894 1392 0 1
409 7895 1374 0 1
409 7896 1256 0 1
410 7909 589 0 1
410 7910 1237 0 1
410 7911 1229 0 1
410 7912 1000 0 1
411 7925 727 0 1
411 7926 1225 0 1
411 7927 1217 0 1
411 7928 1013 0 1
412 7939 821 0 1
412 7940 1301 0 1
412 7941 1265 0 1
412 7942 1170 0 1
413 7953 625 0 1
413 7954 1049 0 1
413 7955 1055 0 1
413 7956 1059 0 1
414 7967 706 0 1
414 7968 1099 0 1
414 7969 945 0 1
414 7970 988 0 1
415 7979 775 0 1
415 7980 1060 0 1
415 7981 1057 0 1
415 7982 1073 0 1
416 7993 781 0 1
416 7994 1164 0 1
416 7995 1060 0 1
416 7996 957 0 1
417 8017 1418 0 1
417 8018 1362 0 1
417 8019 1299 0 1
417 8020 1386 0 1
417 8021 1463 0 1
417 8022 1405 0 1
417 8023 509 0 1
418 8040 1270 0 1
418 8041 697 0 1
418 8042 1459 0 1
418 8043 1028 0 1
418 8044 1436 0 1
418 8045 573 0 1
418 8046 1264 0 1
418 8047 712 0 1
419 8060 1426 0 1
419 8061 1434 0 1
419 8062 561 0 1
419 8063 1290 0 1
419 8064 476 0 1
419 8065 1294 0 1
420 8078 651 0 1
420 8079 1366 0 1
420 8080 1077 0 1
420 8081 860 0 1
421 8094 556 0 1
421 8095 1105 0 1
421 8096 962 0 1
421 8097 863 0 1
422 8106 593 0 1
422 8107 1037 0 1
422 8108 976 0 1
422 8109 911 0 1
423 8118 541 0 1
423 8119 1037 0 1
423 8120 943 0 1
423 8121 847 0 1
424 8130 543 0 1
424 8131 957 0 1
424 8132 1011 0 1
424 8133 886 0 1
425 8152 1250 0 1
425 8153 1270 0 1
425 8154 1396 0 1
425 8155 1194 0 1
425 8156 1254 0 1
425 8157 1320 0 1
425 8158 1094 0 1
426 8167 425 0 1
426 8168 907 0 1
426 8169 866 0 1
426 8170 722 0 1
427 8179 534 0 1
427 8180 962 0 1
427 8181 972 0 1
427 8182 813 0 1
428 8193 469 0 1
428 8194 892 0 1
428 8195 873 0 1
428 8196 778 0 1
429 8205 564 0 1
429 8206 854 0 1
429 8207 942 0 1
429 8208 729 0 1
430 8217 528 0 1
430 8218 901 0 1
430 8219 912 0 1
430 8220 712 0 1
431 8231 497 0 1
431 8232 879 0 1
431 8233 840 0 1
431 8234 770 0 1
432 8245 452 0 1
432 8246 1006 0 1
432 8247 982 0 1
432 8248 737 0 1
433 8267 1314 0 1
433 8268 1338 0 1
433 8269 1313 0 1
433 8270 1399 0 1
433 8271 1390 0 1
433 8272 1429 0 1
433 8273 145 0 1
434 8286 780 0 1
434 8287 1287 0 1
434 8288 1376 0 1
434 8289 1035 0 1
435 8302 627 0 1
435 8303 1125 0 1
435 8304 1279 0 1
435 8305 969 0 1
436 8318 530 0 1
436 8319 1020 0 1
436 8320 1091 0 1
436 8321 790 0 1
437 8332 575 0 1
437 8333 1125 0 1
437 8334 1202 0 1
437 8335 899 0 1
438 8344 532 0 1
438 8345 956 0 1
438 8346 1052 0 1
438 8347 1006 0 1
439 8358 846 0 1
439 8359 1399 0 1
439 8360 181 0 1
439 8361 1239 0 1
439 8362 1261 0 1
440 8371 660 0 1
440 8372 1068 0 1
440 8373 1160 0 1
440 8374 1163 0 1
441 8401 1453 0 1
441 8402 1245 0 1
441 8403 1318 0 1
441 8404 1380 0 1
441 8405 1302 0 1
441 8406 1151 0 1
441 8407 1326 0 1
441 8408 1368 0 1
441 8409 1291 0 1
441 8410 1280 0 1
441 8411 1364 0 1
441 8412 555 0 1
442 8425 1451 0 1
442 8426 63 0 1
442 8427 1422 0 1
442 8428 472 0 1
442 8429 1323 0 1
442 8430 323 0 1
442 8431 1262 0 1
443 8444 932 0 1
443 8445 1426 0 1
443 8446 1250 0 1
443 8447 1193 0 1
444 8458 739 0 1
444 8459 1349 0 1
444 8460 198 0 1
444 8461 1182 0 1
444 8462 1100 0 1
445 8473 581 0 1
445 8474 1163 0 1
445 8475 944 0 1
445 8476 852 0 1
446 8487 581 0 1
446 8488 1088 0 1
446 8489 993 0 1
446 8490 880 0 1
447 8499 548 0 1
447 8500 1011 0 1
447 8501 866 0 1
447 8502 818 0 1
448 8515 1401 0 1
448 8516 232 0 1
448 8517 1325 0 1
448 8518 852 0 1
448 8519 1406 0 1
448 8520 349 0 1
448 8521 1398 0 1
449 8540 1311 0 1
449 8541 1245 0 1
449 8542 1213 0 1
449 8543 1294 0 1
449 8544 1332 0 1
449 8545 1268 0 1
449 8546 646 0 1
450 8555 490 0 1
450 8556 744 0 1
450 8557 695 0 1
450 8558 658 0 1
451 8569 567 0 1
451 8570 846 0 1
451 8571 771 0 1
451 8572 814 0 1
452 8581 613 0 1
452 8582 922 0 1
452 8583 944 0 1
452 8584 817 0 1
453 8599 1459 0 1
453 8600 301 0 1
453 8601 1297 0 1
453 8602 913 0 1
453 8603 1341 0 1
453 8604 556 0 1
453 8605 1359 0 1
453 8606 130 0 1
454 8617 1290 0 1
454 8618 213 0 1
454 8619 1384 0 1
454 8620 653 0 1
454 8621 1349 0 1
454 8622 311 0 1
454 8623 1330 0 1
455 8634 1008 0 1
455 8635 1335 0 1
455 8636 1186 0 1
455 8637 918 0 1
456 8652 1459 0 1
456 8653 288 0 1
456 8654 1188 0 1
456 8655 1155 0 1
456 8656 1251 0 1
456 8657 714 0 1
456 8658 1387 0 1
457 8677 1445 0 1
457 8678 1221 0 1
457 8679 1281 0 1
457 8680 1166 0 1
457 8681 1419 0 1
457 8682 1414 0 1
457 8683 1046 0 1
458 8692 547 0 1
458 8693 679 0 1
458 8694 708 0 1
458 8695 562 0 1
459 8706 752 0 1
459 8707 950 0 1
459 8708 1079 0 1
459 8709 850 0 1
460 8718 719 0 1
460 8719 926 0 1
460 8720 1108 0 1
460 8721 873 0 1
461 8732 735 0 1
461 8733 1138 0 1
461 8734 1140 0 1
461 8735 918 0 1
462 8744 755 0 1
462 8745 1081 0 1
462 8746 1201 0 1
462 8747 939 0 1
463 8756 726 0 1
463 8757 1008 0 1
463 8758 1197 0 1
463 8759 935 0 1
464 8770 718 0 1
464 8771 940 0 1
464 8772 1204 0 1
464 8773 999 0 1
465 8794 1450 0 1
465 8795 1393 0 1
465 8796 1454 0 1
465 8797 1235 0 1
465 8798 1358 0 1
465 8799 1318 0 1
465 8800 1408 0 1
465 8801 777 0 1
466 8810 1108 0 1
466 8811 1055 0 1
466 8812 1062 0 1
466 8813 1028 0 1
467 8824 770 0 1
467 8825 900 0 1
467 8826 1202 0 1
467 8827 1056 0 1
468 8838 776 0 1
468 8839 959 0 1
468 8840 1251 0 1
468 8841 1094 0 1
469 8852 736 0 1
469 8853 958 0 1
469 8854 1200 0 1
469 8855 1150 0 1
470 8866 722 0 1
470 8867 1030 0 1
470 8868 1155 0 1
470 8869 1153 0 1
471 8878 877 0 1
471 8879 1001 0 1
471 8880 1116 0 1
471 8881 1230 0 1
472 8898 1325 0 1
472 8899 966 0 1
472 8900 1267 0 1
472 8901 1319 0 1
472 8902 1332 0 1
472 8903 706 0 1
472 8904 1289 0 1
472 8905 506 0 1
473 8926 1381 0 1
473 8927 1144 0 1
473 8928 1107 0 1
473 8929 1245 0 1
473 8930 1402 0 1
473 8931 1201 0 1
473 8932 1227 0 1
473 8933 1320 0 1
474 8948 900 0 1
474 8949 1132 0 1
474 8950 1096 0 1
474 8951 922 0 1
475 8966 933 0 1
475 8967 1275 0 1
475 8968 1308 0 1
475 8969 1176 0 1
476 8986 1270 0 1
476 8987 1347 0 1
476 8988 1386 0 1
476 8989 1187 0 1
476 8990 400 0 1
476 8991 1403 0 1
476 8992 1122 0 1
476 8993 1298 0 1
476 8994 772 0 1
477 9009 1343 0 1
477 9010 533 0 1
477 9011 1334 0 1
477 9012 614 0 1
477 9013 1247 0 1
477 9014 371 0 1
477 9015 1332 0 1
478 9030 972 0 1
478 9031 1048 0 1
478 9032 1241 0 1
478 9033 1156 0 1
479 9050 1283 0 1
479 9051 277 0 1
479 9052 1444 0 1
479 9053 216 0 1
479 9054 1309 0 1
479 9055 372 0 1
479 9056 1374 0 1
479 9057 189 0 1
480 9074 1355 0 1
480 9075 1030 0 1
480 9076 1375 0 1
480 9077 1279 0 1
480 9078 1204 0 1
480 9079 938 0 1
480 9080 1315 0 1
480 9081 586 0 1
481 9102 1189 0 1
481 9103 1364 0 1
481 9104 1414 0 1
481 9105 1459 0 1
481 9106 1302 0 1
481 9107 1310 0 1
481 9108 1307 0 1
481 9109 270 0 1
482 9126 1219 0 1
482 9127 1316 0 1
482 9128 1400 0 1
482 9129 1454 0 1
482 9130 27 0 1
482 9131 1275 0 1
482 9132 1080 0 1
482 9133 1310 0 1
482 9134 586 0 1
483 9149 1178 0 1
483 9150 855 0 1
483 9151 1221 0 1
483 9152 1273 0 1
483 9153 1275 0 1
483 9154 591 0 1
483 9155 1397 0 1
483 9156 158 0 1
484 9171 927 0 1
484 9172 1257 0 1
484 9173 984 0 1
484 9174 995 0 1
485 9189 847 0 1
485 9190 1041 0 1
485 9191 1032 0 1
485 9192 1042 0 1
486 9203 845 0 1
486 9204 1329 0 1
486 9205 1108 0 1
486 9206 984 0 1
487 9215 720 0 1
487 9216 1124 0 1
487 9217 1090 0 1
487 9218 1012 0 1
488 9229 701 0 1
488 9230 1057 0 1
488 9231 979 0 1
488 9232 1079 0 1
489 9253 1432 0 1
489 9254 1446 0 1
489 9255 1120 0 1
489 9256 1334 0 1
489 9257 1274 0 1
489 9258 1302 0 1
489 9259 1236 0 1
489 9260 1133 0 1
490 9273 1013 0 1
490 9274 1385 0 1
490 9275 1120 0 1
490 9276 1021 0 1
491 9287 1075 0 1
491 9288 1460 0 1
491 9289 26 0 1
491 9290 1192 0 1
491 9291 1136 0 1
492 9304 734 0 1
492 9305 1027 0 1
492 9306 942 0 1
492 9307 984 0 1
493 9318 714 0 1
493 9319 973 0 1
493 9320 1043 0 1
493 9321 932 0 1
494 9330 756 0 1
494 9331 1120 0 1
494 9332 1175 0 1
494 9333 903 0 1
495 9342 683 0 1
495 9343 1114 0 1
495 9344 1125 0 1
495 9345 941 0 1
496 9354 715 0 1
496 9355 1103 0 1
496 9356 1170 0 1
496 9357 1094 0 1
497 9378 1261 0 1
497 9379 1284 0 1
497 9380 1101 0 1
497 9381 1400 0 1
497 9382 1273 0 1
497 9383 1205 0 1
497 9384 1360 0 1
497 9385 1253 0 1
498 9394 747 0 1
498 9395 995 0 1
498 9396 948 0 1
498 9397 964 0 1
499 9406 713 0 1
499 9407 1112 0 1
499 9408 1117 0 1
499 9409 1050 0 1
500 9418 762 0 1
500 9419 937 0 1
500 9420 1127 0 1
500 9421 1083 0 1
501 9434 1080 0 1
501 9435 1369 0 1
501 9436 1424 0 1
501 9437 195 0 1
501 9438 1337 0 1
502 9451 1031 0 1
502 9452 1230 0 1
502 9453 1392 0 1
502 9454 1337 0 1
503 9467 783 0 1
503 9468 903 0 1
503 9469 1137 0 1
503 9470 1021 0 1
504 9483 813 0 1
504 9484 1023 0 1
504 9485 1071 0 1
504 9486 1017 0 1
505 9507 1410 0 1
505 9508 1305 0 1
505 9509 1371 0 1
505 9510 1448 0 1
505 9511 1171 0 1
505 9512 1359 0 1
505 9513 1332 0 1
505 9514 364 0 1
506 9523 760 0 1
506 9524 1022 0 1
506 9525 895 0 1
506 9526 951 0 1
507 9535 723 0 1
507 9536 1065 0 1
507 9537 1038 0 1
507 9538 908 0 1
508 9547 856 0 1
508 9548 1241 0 1
508 9549 1194 0 1
508 9550 1050 0 1
509 9563 1362 0 1
509 9564 1278 0 1
509 9565 848 0 1
509 9566 1418 0 1
509 9567 358 0 1
509 9568 1277 0 1
510 9581 1145 0 1
510 9582 1308 0 1
510 9583 602 0 1
510 9584 1445 0 1
510 9585 176 0 1
510 9586 1186 0 1
511 9599 831 0 1
511 9600 1142 0 1
511 9601 1059 0 1
511 9602 997 0 1
512 9619 1266 0 1
512 9620 1346 0 1
512 9621 1453 0 1
512 9622 1457 0 1
512 9623 58 0 1
512 9624 1387 0 1
512 9625 1170 0 1
512 9626 1242 0 1
512 9627 876 0 1
513 9648 1427 0 1
513 9649 1393 0 1
513 9650 1462 0 1
513 9651 1281 0 1
513 9652 1452 0 1
513 9653 1254 0 1
513 9654 1460 0 1
513 9655 676 0 1
514 9672 1432 0 1
514 9673 976 0 1
514 9674 1302 0 1
514 9675 1218 0 1
514 9676 327 0 1
514 9677 1283 0 1
514 9678 971 0 1
514 9679 1368 0 1
514 9680 383 0 1
515 9695 1344 0 1
515 9696 597 0 1
515 9697 1458 0 1
515 9698 1118 0 1
515 9699 1458 0 1
515 9700 685 0 1
515 9701 1412 0 1
515 9702 153 0 1
516 9717 1304 0 1
516 9718 1322 0 1
516 9719 415 0 1
516 9720 1456 0 1
516 9721 1020 0 1
517 9734 827 0 1
517 9735 1226 0 1
517 9736 1308 0 1
517 9737 1005 0 1
518 9750 1083 0 1
518 9751 1394 0 1
518 9752 198 0 1
518 9753 1432 0 1
518 9754 180 0 1
518 9755 1215 0 1
519 9768 797 0 1
519 9769 1131 0 1
519 9770 1280 0 1
519 9771 1127 0 1
520 9782 759 0 1
520 9783 926 0 1
520 9784 1177 0 1
520 9785 966 0 1
521 9806 1255 0 1
521 9807 1458 0 1
521 9808 1114 0 1
521 9809 1335 0 1
521 9810 1459 0 1
521 9811 1460 0 1
521 9812 1349 0 1
521 9813 661 0 1
522 9826 711 0 1
522 9827 925 0 1
522 9828 1110 0 1
522 9829 722 0 1
523 9838 766 0 1
523 9839 1063 0 1
523 9840 1329 0 1
523 9841 921 0 1
524 9852 859 0 1
524 9853 1097 0 1
524 9854 1214 0 1
524 9855 945 0 1
525 9864 767 0 1
525 9865 1113 0 1
525 9866 1261 0 1
525 9867 993 0 1
526 9876 854 0 1
526 9877 1130 0 1
526 9878 1221 0 1
526 9879 1076 0 1
527 9892 845 0 1
527 9893 1309 0 1
527 9894 1360 0 1
527 9895 1106 0 1
528 9908 847 0 1
528 9909 1250 0 1
528 9910 1325 0 1
528 9911 1116 0 1
529 9932 1460 0 1
529 9933 1283 0 1
529 9934 1156 0 1
529 9935 1400 0 1
529 9936 1462 0 1
529 9937 1382 0 1
529 9938 1383 0 1
529 9939 573 0 1
530 9950 646 0 1
530 9951 1008 0 1
530 9952 1050 0 1
530 9953 850 0 1
531 9964 716 0 1
531 9965 1157 0 1
531 9966 1243 0 1
531 9967 897 0 1
532 9978 803 0 1
532 9979 1128 0 1
532 9980 1257 0 1
532 9981 838 0 1
533 9990 775 0 1
533 9991 1127 0 1
533 9992 1237 0 1
533 9993 850 0 1
534 10004 865 0 1
534 10005 1164 0 1
534 10006 1159 0 1
534 10007 850 0 1
535 10016 803 0 1
535 10017 959 0 1
535 10018 1151 0 1
535 10019 803 0 1
536 10030 740 0 1
536 10031 993 0 1
536 10032 1065 0 1
536 10033 860 0 1
537 10052 1276 0 1
537 10053 1145 0 1
537 10054 1456 0 1
537 10055 1428 0 1
537 10056 1430 0 1
537 10057 1429 0 1
537 10058 1183 0 1
538 10067 634 0 1
538 10068 661 0 1
538 10069 790 0 1
538 10070 616 0 1
539 10079 668 0 1
539 10080 883 0 1
539 10081 939 0 1
539 10082 815 0 1
540 10091 745 0 1
540 10092 963 0 1
540 10093 931 0 1
540 10094 751 0 1
541 10105 1072 0 1
541 10106 1277 0 1
541 10107 1158 0 1
541 10108 961 0 1
542 10119 929 0 1
542 10120 1091 0 1
542 10121 1099 0 1
542 10122 874 0 1
543 10133 739 0 1
543 10134 904 0 1
543 10135 989 0 1
543 10136 914 0 1
544 10151 1435 0 1
544 10152 702 0 1
544 10153 1298 0 1
544 10154 1392 0 1
544 10155 1371 0 1
544 10156 622 0 1
544 10157 1325 0 1
544 10158 292 0 1
545 10181 1383 0 1
545 10182 1462 0 1
545 10183 1125 0 1
545 10184 1378 0 1
545 10185 1298 0 1
545 10186 1277 0 1
545 10187 1432 0 1
545 10188 752 0 1
546 10203 650 0 1
546 10204 1072 0 1
546 10205 848 0 1
546 10206 683 0 1
547 10221 747 0 1
547 10222 1112 0 1
547 10223 961 0 1
547 10224 889 0 1
548 10235 743 0 1
548 10236 1386 0 1
548 10237 1038 0 1
548 10238 856 0 1
549 10249 757 0 1
549 10250 1364 0 1
549 10251 1120 0 1
549 10252 1006 0 1
550 10263 765 0 1
550 10264 1137 0 1
550 10265 1110 0 1
550 10266 953 0 1
551 10285 1457 0 1
551 10286 797 0 1
551 10287 1246 0 1
551 10288 1414 0 1
551 10289 628 0 1
551 10290 1459 0 1
551 10291 904 0 1
551 10292 1278 0 1
551 10293 603 0 1
552 10310 1441 0 1
552 10311 764 0 1
552 10312 1180 0 1
552 10313 1407 0 1
552 10314 622 0 1
552 10315 1384 0 1
552 10316 917 0 1
552 10317 1238 0 1
552 10318 621 0 1
553 10341 1313 0 1
553 10342 1276 0 1
553 10343 1020 0 1
553 10344 1338 0 1
553 10345 1336 0 1
553 10346 1368 0 1
553 10347 1384 0 1
553 10348 1161 0 1
553 10349 1265 0 1
553 10350 772 0 1
554 10365 673 0 1
554 10366 981 0 1
554 10367 954 0 1
554 10368 792 0 1
555 10383 805 0 1
555 10384 1239 0 1
555 10385 1225 0 1
555 10386 914 0 1
556 10397 784 0 1
556 10398 1082 0 1
556 10399 1362 0 1
556 10400 998 0 1
557 10413 820 0 1
557 10414 1336 0 1
557 10415 1357 0 1
557 10416 1047 0 1
558 10427 1044 0 1
558 10428 980 0 1
558 10429 1441 0 1
558 10430 1118 0 1
559 10447 1454 0 1
559 10448 851 0 1
559 10449 1265 0 1
559 10450 1429 0 1
559 10451 1271 0 1
559 10452 1234 0 1
559 10453 1445 0 1
559 10454 440 0 1
560 10469 1457 0 1
560 10470 563 0 1
560 10471 1248 0 1
560 10472 1457 0 1
560 10473 23 0 1
560 10474 1276 0 1
560 10475 1116 0 1
560 10476 1316 0 1
560 10477 159 0 1
561 10500 1421 0 1
561 10501 1366 0 1
561 10502 1456 0 1
561 10503 1408 0 1
561 10504 1163 0 1
561 10505 1407 0 1
561 10506 1305 0 1
561 10507 843 0 1
562 10516 778 0 1
562 10517 934 0 1
562 10518 861 0 1
562 10519 903 0 1
563 10534 958 0 1
563 10535 1298 0 1
563 10536 1241 0 1
563 10537 1118 0 1
564 10548 970 0 1
564 10549 1302 0 1
564 10550 1198 0 1
564 10551 1043 0 1
565 10564 992 0 1
565 10565 1102 0 1
565 10566 1148 0 1
565 10567 949 0 1
566 10576 989 0 1
566 10577 1052 0 1
566 10578 1291 0 1
566 10579 992 0 1
567 10594 1167 0 1
567 10595 1459 0 1
567 10596 42 0 1
567 10597 1319 0 1
567 10598 1067 0 1
568 10613 1086 0 1
568 10614 1265 0 1
568 10615 1291 0 1
568 10616 962 0 1
569 10637 1455 0 1
569 10638 1212 0 1
569 10639 1454 0 1
569 10640 1229 0 1
569 10641 1273 0 1
569 10642 1447 0 1
569 10643 1248 0 1
570 10652 779 0 1
570 10653 886 0 1
570 10654 832 0 1
570 10655 711 0 1
571 10664 764 0 1
571 10665 1007 0 1
571 10666 914 0 1
571 10667 729 0 1
572 10676 863 0 1
572 10677 1045 0 1
572 10678 886 0 1
572 10679 739 0 1
573 10690 851 0 1
573 10691 1160 0 1
573 10692 1011 0 1
573 10693 825 0 1
574 10704 909 0 1
574 10705 1052 0 1
574 10706 981 0 1
574 10707 849 0 1
575 10718 1015 0 1
575 10719 1395 0 1
575 10720 1024 0 1
575 10721 908 0 1
576 10732 985 0 1
576 10733 1247 0 1
576 10734 1073 0 1
576 10735 863 0 1
577 10754 1346 0 1
577 10755 1129 0 1
577 10756 1309 0 1
577 10757 1199 0 1
577 10758 1242 0 1
577 10759 1309 0 1
577 10760 1315 0 1
578 10769 769 0 1
578 10770 816 0 1
578 10771 806 0 1
578 10772 631 0 1
579 10785 977 0 1
579 10786 1133 0 1
579 10787 1010 0 1
579 10788 776 0 1
580 10799 1202 0 1
580 10800 1321 0 1
580 10801 1141 0 1
580 10802 811 0 1
581 10815 1170 0 1
581 10816 1222 0 1
581 10817 1131 0 1
581 10818 851 0 1
582 10829 992 0 1
582 10830 1421 0 1
582 10831 1279 0 1
582 10832 941 0 1
583 10841 839 0 1
583 10842 964 0 1
583 10843 901 0 1
583 10844 763 0 1
584 10855 1306 0 1
584 10856 1456 0 1
584 10857 253 0 1
584 10858 1338 0 1
584 10859 1121 0 1
585 10878 1257 0 1
585 10879 1138 0 1
585 10880 1408 0 1
585 10881 1339 0 1
585 10882 1418 0 1
585 10883 1423 0 1
585 10884 179 0 1
586 10895 875 0 1
586 10896 1161 0 1
586 10897 934 0 1
586 10898 813 0 1
587 10909 732 0 1
587 10910 927 0 1
587 10911 805 0 1
587 10912 791 0 1
588 10923 756 0 1
588 10924 1002 0 1
588 10925 903 0 1
588 10926 699 0 1
589 10935 726 0 1
589 10936 1003 0 1
589 10937 819 0 1
589 10938 706 0 1
590 10949 734 0 1
590 10950 1117 0 1
590 10951 813 0 1
590 10952 760 0 1
591 10963 829 0 1
591 10964 1128 0 1
591 10965 736 0 1
591 10966 692 0 1
592 10977 800 0 1
592 10978 1119 0 1
592 10979 786 0 1
592 10980 602 0 1
593 10999 1293 0 1
593 11000 1380 0 1
593 11001 1345 0 1
593 11002 1387 0 1
593 11003 1408 0 1
593 11004 1424 0 1
593 11005 263 0 1
594 11014 702 0 1
594 11015 840 0 1
594 11016 756 0 1
594 11017 508 0 1
595 11028 789 0 1
595 11029 927 0 1
595 11030 885 0 1
595 11031 640 0 1
596 11042 767 0 1
596 11043 1069 0 1
596 11044 1004 0 1
596 11045 659 0 1
597 11054 772 0 1
597 11055 1036 0 1
597 11056 1062 0 1
597 11057 628 0 1
598 11068 639 0 1
598 11069 1042 0 1
598 11070 996 0 1
598 11071 627 0 1
599 11082 589 0 1
599 11083 1025 0 1
599 11084 942 0 1
599 11085 556 0 1
600 11100 1448 0 1
600 11101 449 0 1
600 11102 1270 0 1
600 11103 881 0 1
600 11104 1296 0 1
600 11105 573 0 1
600 11106 1036 0 1
